
io.c:73:	temp	:: 0.010000
LIGHTS:
1	Parallel
	Pos:	[	0.577350	0.577350	0.577350	]
	Color:	[	1.000000	1.000000	1.000000	]
2	Parallel
	Pos:	[	-0.577350	0.577350	0.577350	]
	Color:	[	1.000000	1.000000	1.000000	]
ELEMENTS:
1	Sphere
	Center:	[	-0.300000	0.000000	0.200000	]
	R^2:	0.040000
	Color:	[	1.000000	1.000000	0.000000	]
2	Sphere
	Center:	[	0.300000	0.000000	0.200000	]
	R^2:	0.040000
	Color:	[	0.000000	1.000000	0.000000	]
3	Sphere
	Center:	[	0.000000	0.500000	0.200000	]
	R^2:	0.040000
	Color:	[	1.000000	0.000000	0.000000	]
4	Triangle
	A:	[	0.000000	1.000000	0.000000	]
	BA:	[	-1.000000	-1.500000	0.000000	]
	CA:	[	1.000000	-1.500000	0.000000	]
	Normal:	[	0.000000	0.000000	1.000000	]
	Color:	[	0.500000	0.500000	1.000000	]
5	Triangle
	A:	[	0.000000	1.000000	-0.010000	]
	BA:	[	1.000000	-1.500000	0.000000	]
	CA:	[	-1.000000	-1.500000	0.000000	]
	Normal:	[	-0.000000	-0.000000	-1.000000	]
	Color:	[	0.500000	0.500000	1.000000	]img:0x7c1660
